0.0 28.521 0.731
501.0 32.168 0.631
1002.0 23.986 0.377
1503.0 38.734 0.452
2004.0 38.106 0.697
2505.0 33.281 0.235
3006.0 22.297 0.483
3507.0 18.740 0.505
4008.0 34.351 0.907
4509.0 22.254 0.613
5010.0 20.815 0.565
5511.0 16.536 0.407
6012.0 32.405 0.266
6513.0 43.080 0.852
7014.0 16.230 0.482
7515.0 33.218 0.260
8016.0 47.093 0.445
8517.0 20.967 0.515
9018.0 24.731 0.882
9519.0 18.625 0.232
10020.0 11.574 0.936
10521.0 23.202 0.503
11022.0 23.741 0.625
11523.0 19.092 0.870
12024.0 20.221 0.804
12525.1 34.279 0.438
13026.1 26.673 0.717
13527.1 17.996 0.799
14028.1 22.603 0.987
14529.1 45.067 0.518
15030.1 21.465 0.660
15531.1 28.466 0.980
16032.1 36.000 0.697
16533.1 41.378 0.313
17034.1 39.241 0.440
17535.1 47.875 0.790
18036.1 44.643 0.333
18537.1 39.389 0.998
19038.1 39.515 0.529
19539.1 37.695 0.899
20040.1 21.503 0.512
20541.1 15.640 0.293
21042.1 27.587 0.996
21543.1 27.211 0.908
22044.1 48.653 0.573
22545.1 23.590 0.933
23046.1 35.116 0.565
23547.1 51.709 0.868
24048.1 39.292 0.821
24549.1 33.052 0.214
25050.1 38.477 0.434
25551.1 38.700 0.435
26052.1 38.010 0.547
26553.1 38.290 0.856
27054.1 36.427 0.701
27555.1 41.482 0.874
28056.1 14.992 0.331
28557.1 33.638 0.574
29058.1 35.907 0.604
29559.1 37.431 0.228
30060.1 29.620 0.789
30561.1 28.678 0.264
31062.1 28.252 0.572
31563.1 33.910 0.659
32064.1 42.050 0.237
32565.1 38.629 0.659
33066.1 23.723 0.963
33567.1 30.346 0.370
34068.1 30.727 0.272
34569.1 50.091 0.363
35070.1 29.416 0.582
35571.1 27.496 0.872
36072.1 36.816 0.773
36573.1 39.153 0.962
37074.1 38.888 0.970
37575.2 36.377 0.460
38076.2 29.781 0.985
38577.2 36.318 0.867
39078.2 18.705 0.265
39579.2 42.567 0.202
40080.2 33.154 0.991
40581.2 34.825 0.609
41082.2 36.865 0.833
41583.2 28.178 0.846
42084.2 45.011 0.524
42585.2 23.943 0.411
43086.2 19.182 0.268
43587.2 34.005 0.538
44088.2 31.268 0.930
44589.2 27.318 0.771
45090.2 17.959 0.321
45591.2 40.458 0.770
46092.2 38.492 0.769
46593.2 11.938 0.966
47094.2 35.616 0.978
47595.2 21.570 0.231
48096.2 30.331 0.353
48597.2 38.365 0.753
49098.2 39.874 0.447
49599.2 22.801 0.621
50100.2 28.498 0.663
50601.2 32.388 0.300
51102.2 24.641 0.310
51603.2 31.899 0.523
52104.2 34.530 0.269
52605.2 32.469 0.921
53106.2 31.053 0.807
53607.2 22.256 0.488
54108.2 29.169 0.903
54609.2 41.820 0.997
55110.2 29.710 0.939
55611.2 16.933 0.358
56112.2 33.169 0.462
56613.2 28.816 0.917
57114.2 42.727 0.351
57615.2 7.440 0.867
58116.2 39.355 0.613
58617.2 44.462 0.281
59118.2 29.936 0.427
59619.2 15.947 0.973
60120.2 18.168 0.976
60621.2 30.350 0.871
61122.2 18.800 0.336
61623.2 34.801 0.988
62124.2 25.660 0.661
62625.3 29.085 0.721
63126.3 26.829 0.568
63627.3 18.786 0.818
64128.3 34.779 0.841
64629.3 16.389 0.368
65130.3 21.357 0.466
65631.3 25.260 0.484
66132.3 8.643 0.561
66633.3 6.880 0.611
67134.3 16.247 0.361
67635.3 2.453 0.535
68136.3 11.899 0.452
68637.3 19.280 0.855
69138.3 28.923 0.456
69639.3 14.678 0.320
70140.3 19.379 0.900
70641.3 23.601 0.404
71142.3 32.432 0.650
71643.3 -9.381 0.534
72144.3 20.423 0.911
72645.3 22.597 0.705
73146.3 28.586 0.369
73647.3 41.795 0.996
74148.3 13.007 0.296
74649.3 26.073 0.598
75150.3 13.654 0.408
75651.3 15.640 0.412
76152.3 18.924 0.847
76653.3 30.260 0.836
77154.3 23.745 0.579
77655.3 13.070 0.253
78156.3 2.596 0.868
78657.3 23.410 0.837
79158.3 16.042 0.836
79659.3 14.767 0.411
80160.3 25.662 0.672
80661.3 20.079 0.536
81162.3 8.857 0.768
81663.3 11.323 0.815
82164.3 32.130 0.627
82665.3 31.865 0.791
83166.3 3.451 0.736
83667.3 4.135 0.242
84168.3 23.755 0.693
84669.3 17.978 0.275
85170.3 14.143 0.431
85671.3 9.140 0.705
86172.3 30.081 0.898
86673.3 14.993 0.886
87174.3 18.433 0.235
87675.4 23.864 0.228
88176.4 8.872 0.584
88677.4 -1.165 0.381
89178.4 24.012 0.633
89679.4 2.518 0.347
90180.4 2.229 0.259
90681.4 30.619 0.753
91182.4 8.042 0.862
91683.4 15.756 0.546
92184.4 17.288 0.941
92685.4 12.579 0.749
93186.4 19.462 0.262
93687.4 25.478 0.771
94188.4 29.516 0.200
94689.4 10.762 0.418
95190.4 18.506 0.467
95691.4 18.281 0.785
96192.4 14.271 0.685
96693.4 12.852 0.603
97194.4 8.170 0.684
97695.4 2.110 0.781
98196.4 12.527 0.894
98697.4 10.376 0.927
99198.4 20.734 0.671
99699.4 15.471 0.868
100200.4 7.051 0.850
100701.4 15.611 0.883
101202.4 22.215 0.468
101703.4 14.597 0.669
102204.4 13.525 0.205
102705.4 3.387 0.895
103206.4 24.654 0.337
103707.4 12.795 0.946
104208.4 31.040 0.921
104709.4 16.869 0.944
105210.4 26.214 0.909
105711.4 14.817 0.360
106212.4 19.569 0.545
106713.4 9.508 0.718
107214.4 11.459 0.964
107715.4 16.982 0.678
108216.4 18.602 0.806
108717.4 18.549 0.593
109218.4 20.649 0.935
109719.4 14.654 0.452
110220.4 26.104 0.906
110721.4 9.818 0.252
111222.4 28.090 0.635
111723.4 17.407 0.739
112224.4 23.298 0.265
112725.5 23.045 0.538
113226.5 8.473 0.594
113727.5 24.129 0.508
114228.5 27.956 0.350
114729.5 14.832 0.732
115230.5 21.189 0.327
115731.5 8.307 0.284
116232.5 27.970 0.614
116733.5 16.990 0.916
117234.5 22.574 0.814
117735.5 26.549 0.746
118236.5 17.454 0.779
118737.5 22.445 0.836
119238.5 37.384 0.699
119739.5 26.882 0.440
120240.5 27.966 0.468
120741.5 12.872 0.488
121242.5 10.733 0.829
121743.5 19.554 0.694
122244.5 14.072 0.796
122745.5 13.708 0.301
123246.5 36.867 0.229
123747.5 9.997 0.378
124248.5 14.049 0.320
124749.5 13.773 0.826
125250.5 19.325 0.439
125751.5 15.449 0.909
126252.5 20.472 0.951
126753.5 29.044 0.352
127254.5 27.792 0.630
127755.5 17.635 0.987
128256.5 20.328 0.668
128757.5 24.010 0.965
129258.5 28.910 0.374
129759.5 25.387 0.302
130260.5 19.180 0.300
130761.5 25.695 0.677
131262.5 28.215 0.665
131763.5 40.067 0.385
132264.5 33.113 0.450
132765.5 24.079 0.877
133266.5 22.052 0.226
133767.5 26.469 0.655
134268.5 33.180 0.796
134769.5 31.128 0.604
135270.5 25.690 0.487
135771.5 35.714 0.566
136272.5 42.527 0.622
136773.5 33.196 0.495
137274.5 43.041 0.744
137775.6 29.900 0.495
138276.6 37.026 0.314
138777.6 29.594 0.680
139278.6 33.848 0.620
139779.6 32.440 0.438
140280.6 34.594 0.254
140781.6 45.565 0.412
141282.6 29.134 0.321
141783.6 28.269 0.715
142284.6 55.511 0.674
142785.6 37.231 0.429
143286.6 29.200 0.642
143787.6 39.524 0.337
144288.6 36.059 0.468
144789.6 38.411 0.939
145290.6 37.171 0.377
145791.6 31.688 0.501
146292.6 37.234 0.858
146793.6 32.060 0.481
147294.6 38.989 0.385
147795.6 31.962 0.762
148296.6 47.846 0.680
148797.6 39.777 0.370
149298.6 25.852 0.738
149799.6 43.509 0.709
150300.6 36.049 0.877
150801.6 30.354 0.297
151302.6 38.839 0.820
151803.6 30.175 0.345
152304.6 39.408 0.394
152805.6 37.012 0.457
153306.6 35.161 0.600
153807.6 21.564 0.920
154308.6 36.236 0.852
154809.6 38.670 0.433
155310.6 31.377 0.460
155811.6 40.466 0.618
156312.6 29.480 0.509
156813.6 29.173 0.614
157314.6 41.899 0.924
157815.6 39.828 0.754
158316.6 36.974 0.498
158817.6 35.695 0.860
159318.6 28.006 0.910
159819.6 35.697 0.901
160320.6 30.361 0.801
160821.6 42.228 0.639
161322.6 34.611 0.604
161823.6 41.824 0.593
162324.6 22.691 0.512
162825.7 43.721 0.228
163326.7 33.938 0.553
163827.7 21.617 0.621
164328.7 38.402 0.809
164829.7 25.435 0.703
165330.7 29.579 0.904
165831.7 36.902 0.438
166332.7 27.581 0.217
166833.7 50.406 0.754
167334.7 30.606 0.529
167835.7 36.025 0.947
168336.7 40.746 0.942
168837.7 34.047 0.788
169338.7 32.440 0.980
169839.7 39.214 0.422
170340.7 28.663 0.332
170841.7 30.276 0.392
171342.7 43.228 0.444
171843.7 36.773 0.851
172344.7 28.838 0.825
172845.7 28.952 0.608
173346.7 32.305 0.918
173847.7 7.873 0.519
174348.7 26.592 0.646
174849.7 32.895 0.466
175350.7 25.182 0.817
175851.7 34.320 0.741
176352.7 37.566 0.513
176853.7 25.837 0.946
177354.7 23.155 0.230
177855.7 24.269 0.264
178356.7 21.715 0.209
178857.7 17.216 0.625
179358.7 20.876 0.698
179859.7 21.405 0.764
180360.7 35.182 0.537
180861.7 17.007 0.437
181362.7 21.127 0.343
181863.7 22.277 0.642
182364.7 31.759 0.491
182865.7 31.143 0.668
183366.7 24.320 0.770
183867.7 45.185 0.562
184368.7 35.500 0.300
184869.7 26.797 0.339
185370.7 30.393 0.770
185871.7 17.507 0.223
186372.7 1.836 0.928
186873.7 28.058 0.620
187374.7 36.418 0.401
187875.8 15.205 0.591
188376.8 31.536 0.459
188877.8 14.881 0.202
189378.8 29.637 0.513
189879.8 19.324 0.915
190380.8 36.940 0.329
190881.8 21.041 0.338
191382.8 15.025 0.410
191883.8 14.877 0.740
192384.8 20.330 0.411
192885.8 26.088 0.423
193386.8 28.018 0.653
193887.8 20.741 0.650
194388.8 26.808 0.594
194889.8 11.693 0.511
195390.8 5.031 0.665
195891.8 10.265 0.917
196392.8 10.916 0.646
196893.8 10.502 0.971
197394.8 23.621 0.731
197895.8 28.161 0.208
198396.8 16.606 0.328
198897.8 13.910 0.609
199398.8 21.301 0.305
199899.8 11.285 0.423
200400.8 28.597 0.420
200901.8 23.586 0.274
201402.8 13.669 0.765
201903.8 11.412 0.612
202404.8 34.599 0.248
202905.8 15.232 0.251
203406.8 13.442 0.777
203907.8 19.442 0.809
204408.8 16.656 0.934
204909.8 33.244 0.946
205410.8 25.568 0.342
205911.8 8.469 0.307
206412.8 27.050 0.682
206913.8 6.535 0.409
207414.8 12.241 0.707
207915.8 4.446 0.384
208416.8 21.204 0.803
208917.8 23.067 0.948
209418.8 3.025 0.229
209919.8 20.288 0.342
210420.8 23.629 0.233
210921.8 10.141 0.971
211422.8 11.571 0.399
211923.8 26.370 0.288
212424.8 10.782 0.451
212925.9 12.714 0.734
213426.9 21.753 0.374
213927.9 18.154 0.342
214428.9 18.210 0.645
214929.9 15.505 0.882
215430.9 12.227 0.262
215931.9 29.653 0.937
216432.9 19.763 0.282
216933.9 15.915 0.915
217434.9 8.624 0.872
217935.9 -1.670 0.942
218436.9 4.593 0.604
218937.9 13.384 0.790
219438.9 21.691 0.777
219939.9 19.714 0.235
220440.9 16.834 0.711
220941.9 4.307 0.966
221442.9 13.328 0.932
221943.9 15.898 0.364
222444.9 18.380 0.576
222945.9 12.770 0.876
223446.9 10.700 0.423
223947.9 21.496 0.678
224448.9 14.668 0.725
224949.9 17.990 0.945
225450.9 3.625 0.321
225951.9 23.510 0.665
226452.9 21.390 0.617
226953.9 25.220 0.920
227454.9 7.063 0.749
227955.9 22.173 0.945
228456.9 17.391 0.388
228957.9 21.280 0.385
229458.9 11.799 0.495
229959.9 21.952 0.909
230460.9 25.530 0.628
230961.9 21.299 0.926
231462.9 3.935 0.891
231963.9 24.103 0.577
232464.9 18.528 0.487
232965.9 22.798 0.254
233466.9 14.771 0.929
233967.9 4.968 0.668
234468.9 21.948 0.396
234969.9 21.577 0.703
235470.9 30.824 0.718
235971.9 22.230 0.550
236472.9 12.486 0.353
236973.9 23.549 0.914
237474.9 27.529 0.453
237976.0 22.831 0.202
238477.0 14.923 0.513
238978.0 26.531 0.425
239479.0 20.416 0.260
239980.0 9.038 0.216
240481.0 22.818 0.511
240982.0 23.470 0.249
241483.0 26.472 0.811
241984.0 36.499 0.359
242485.0 13.024 0.914
242986.0 23.327 0.439
243487.0 32.698 0.278
243988.0 29.533 0.448
244489.0 33.600 0.471
244990.0 9.848 0.948
245491.0 23.047 0.610
245992.0 26.065 0.536
246493.0 39.302 0.802
246994.0 18.960 0.441
247495.0 25.824 0.961
247996.0 20.251 0.527
248497.0 21.425 0.781
248998.0 17.809 0.854
249499.0 19.593 0.785
250000.0 11.255 0.542
